25 4
0 40 0 0 93 29 0 15 0 0 0 0 0 62 72 0 0 67 0 0 98 0 0 0 0 
69 0 0 0 0 0 0 0 0 0 0 0 0 0 0 0 0 0 11 0 0 40 83 0 0 
0 15 0 0 69 0 0 29 0 86 0 93 0 0 83 0 0 0 0 21 0 67 0 0 0 
0 0 0 0 62 69 93 0 0 83 0 0 0 21 98 0 0 0 67 0 21 15 11 0 77 
0 0 0 62 0 0 0 0 49 0 0 0 0 0 0 0 0 0 0 0 98 0 0 93 0 
0 62 0 90 72 0 0 84 0 0 0 0 49 22 0 67 84 67 0 0 0 0 0 0 67 
0 0 0 0 0 0 0 0 0 0 0 0 0 0 0 0 98 0 15 0 0 0 0 0 0 
0 0 0 0 83 0 0 11 0 0 0 0 0 0 0 0 0 0 0 0 11 0 0 0 0 
0 0 0 82 0 0 0 72 0 40 0 0 0 0 0 22 98 84 0 98 0 72 0 0 0 
0 11 0 29 0 0 82 0 0 0 0 0 0 0 0 90 29 0 11 0 0 40 0 0 0 
0 0 0 11 72 0 0 93 0 0 0 0 0 0 90 0 72 0 11 0 0 0 0 0 49 
0 21 0 49 0 0 0 0 69 0 0 62 0 0 22 0 98 0 0 0 0 82 0 86 0 
0 0 0 0 0 0 0 11 0 0 0 0 98 0 0 0 21 72 0 0 0 0 0 0 29 
0 0 0 0 11 0 0 0 0 49 69 0 0 0 0 40 90 0 29 29 0 0 49 11 11 
0 0 0 0 22 0 72 0 0 0 0 0 0 0 0 0 69 0 11 67 0 0 0 0 0 
0 0 0 0 0 0 86 83 0 0 0 0 0 0 67 72 0 0 49 0 0 0 62 0 0 
93 29 0 0 0 0 0 29 0 0 0 0 0 0 90 0 67 0 0 86 77 62 0 67 0 
0 0 67 0 67 0 0 0 0 0 0 69 0 86 0 0 0 67 0 0 0 0 0 40 0 
0 11 0 0 62 0 0 0 0 0 0 69 0 0 0 40 98 0 0 11 0 22 0 83 0 
0 40 0 0 0 0 67 0 0 0 15 0 0 0 0 0 62 0 83 0 0 0 0 0 0 
0 0 0 0 0 0 0 0 0 0 0 0 15 0 93 0 0 0 0 84 0 90 0 0 0 
0 29 22 29 84 0 0 0 0 0 0 0 67 0 90 0 0 0 0 0 0 0 0 0 22 
15 0 0 0 0 0 0 0 29 0 0 0 0 0 86 0 0 77 49 0 0 0 0 0 0 
49 84 0 0 82 0 0 0 0 0 29 0 0 0 0 0 0 0 49 15 0 0 0 0 0 
72 0 0 0 0 90 0 0 0 0 62 0 72 0 0 0 0 0 0 0 0 0 0 0 0 
